0.21983 -0.21978 0.94834 0.70522 0.37081 1 18
0.15971 -0.27981 0.94849 0.65845 0.43851 1 24
0.29990 -0.13989 0.94892 0.73398 0.30323 0 21
0.29994 -0.29721 0.95613 0.77880 0.44727 0 25
0.23980 -0.32978 0.95195 0.76814 0.49419 1 16
0.33998 -0.19971 0.94859 0.78420 0.35467 0 15
0.19984 -0.18985 0.94882 0.65225 0.35763 0 12
0.18977 -0.24978 0.94829 0.68255 0.40327 1 24
0.26987 -0.23963 0.94859 0.75831 0.38654 1 19
0.36087 -0.27779 0.94289 0.81975 0.44974 0 17
0.13961 -0.18965 0.94225 0.58987 0.37492 0 16
0.24987 -0.18979 0.94868 0.69934 0.35165 0 21
0.19858 -0.29837 0.94326 0.69670 0.47041 1 15
0.31998 -0.23961 0.94846 0.77745 0.39373 0 16
0.16978 -0.22983 0.94875 0.65958 0.38280 1 16
0.11969 -0.31991 0.94867 0.62412 0.48833 1 23
0.15764 -0.35903 0.94569 0.67066 0.54739 1 14
0.09980 -0.25995 0.94899 0.59435 0.41551 1 16
0.19972 -0.37992 0.95179 0.66972 0.62087 1 16
0.05946 -0.27983 0.94294 0.55747 0.43215 1 21
0.07973 -0.36000 0.94902 0.58474 0.54327 1 21
0.01967 -0.25998 0.94614 0.51864 0.40383 1 19
